% Beacon Location
Rbeacon = [1 -1 .01;
    4 5 .007;
    8 11 .006;
    13 13 -.001;
    17 15 -.001;
    21 19 .003;
    24 20 .01;
    29 30 .009;
    33 30 -.001;
    38 31 .001;
    45 40 .005;
    55 50 .01
    60 55 .004;
    63 57 .002;
    68 61 .001;
    73 68 .01;
    77 70 -.001;
    81 73 .003;
    85 78 .005;
    88 77 -.001
    91 80 .003;
    96 85 .008;
    101 92 -.001;
    106 94 .01;
    109 98 .009;];
