

RD =  [60.000000000000000                   0 -10.000000000000000
  30.000000000000007  51.961524227066313 -10.000000000000000
 -29.999999999999986  51.961524227066320 -10.000000000000000
 -60.000000000000000   0.000000000000007 -10.000000000000000
 -30.000000000000028 -51.961524227066306 -10.000000000000000
  30.000000000000007 -51.961524227066313 -10.000000000000000
  55.432771950677207  22.961005941905388 -10.000000000000000
   7.831571533203102  59.486691682428621 -10.000000000000000
 -47.601200417474118  36.525685740523230 -10.000000000000000
 -55.432771950677221 -22.961005941905352 -10.000000000000000
  -7.831571533203098 -59.486691682428621 -10.000000000000000
  47.601200417474097 -36.525685740523251 -10.000000000000000
  42.426406871192853  42.426406871192846 -10.000000000000000
 -15.529142706151251  57.955549577344101 -10.000000000000000
 -57.955549577344094  15.529142706151260 -10.000000000000000
 -42.426406871192860 -42.426406871192846 -10.000000000000000
  15.529142706151267 -57.955549577344094 -10.000000000000000
  57.955549577344101 -15.529142706151241 -10.000000000000000
  22.961005941905391  55.432771950677207 -10.000000000000000
 -36.525685740523237  47.601200417474111 -10.000000000000000
 -59.486691682428628  -7.831571533203079 -10.000000000000000
 -22.961005941905370 -55.432771950677214 -10.000000000000000
  36.525685740523230 -47.601200417474111 -10.000000000000000
  59.486691682428628   7.831571533203071 -10.000000000000000];