%initial position and velocity
R= [0 8 0;
    0 1 0;
    0 0 -1;
    0 -.1 -5;
    0 .2 -11;
    0 .2 -15;
    0 -.1 -21;
    1 -.2 -22.5;
    3 0 -23;
    4.5 .1  -25;
    3.3 .1 -27;
    1.5 .05 -28;
    0 .08 -29;
    -1 -.1 -30;
    -3 -.5 -30;
    -5 -1 -31;
    -7 0 -31;
    -7.5 .2 -31.5;
    -8 .3 -33;
    -6.5 0 -35;
    -5 .5 -36.5;
    -4 .2 -36.8;
    -3 0 -37;
    -1 -.1 -37;
    -0 .1 -39;
    1 .2 -37;
    .5 .22 -36;
    2.5 0 -34.5;
    5.5 0 -33;
    7 .5 -32;
    8 -.1 -35;
    8 -.3 -37;
    7.5  -.5 -40;
    6 0 -42;
    5.8 1 -40;
    5.3 .8 -37;
    4 .9 -37.5;
    2.6 .2 -37.5;
    0.7 -1 -37.9;
    -1.6 -.8 -38.3;
    -3 0 -38.2;
    -1.8 .1 -39;
    0 1 -40;
    -2 .9 -41;
    -5 .8 -40;
    -6 .9 -38;
    -8 .5 -38;
    -8.4 0 -40;
    -9 0 -39;
    -9.1 .1 -36;
    -9.2 -.1 -30;
    -8.9 .2 -29;
    -7 .3 -28.7;
    -5 .5 -29;
    -1 .4 -31;
    0 .8 -30;
    2 .6 -29.5;
    4 .6 -29;
    5 .2 -28.8;
    7 .2 -28.9;
    8.8 .4 -29;
    9.1 .5 -30;
    9.2 .8 -33;
    9.2 .3 -40;
    9 .2 -42;
    8 0 -44;
    5 0 -44.1;
    1 2 -44.1];